-0.0000
    0.0001
   -0.0003
    0.0007
   -0.0010
    0.0012
   -0.0012
    0.0010
   -0.0004
   -0.0006
    0.0021
   -0.0040
    0.0052
   -0.0055
    0.0069
   -0.0125
    0.0203
   -0.0222
    0.0152
   -0.0051
   -0.0022
    0.0052
   -0.0050
    0.0026
    0.0014
   -0.0066
    0.0117
   -0.0163
    0.0200
   -0.0206
    0.0153
   -0.0034
   -0.0117
    0.0258
   -0.0380
    0.0484
   -0.0539
    0.0509
   -0.0396
    0.0195
    0.0140
   -0.0587
    0.0989
   -0.1072
    0.0226
    0.3356
   -1.4028
    3.7201
    8.2548
    3.4367
   -3.0686
    1.5585
    1.2067
    0.8480
    0.9848
    0.9846
    0.9714
    0.9781
    1.0175
    0.9521
    1.0414
    0.9509
    1.0235
    0.9859
    0.9621
    1.0529
    0.8983
    1.0859
    0.8930
    1.0541
    0.9722
    0.9462
    0.8870
    2.2216
   -5.9684
   -5.8693
    0.0739
    3.5469
   -1.5118
    0.3771
   -0.0378
    0.0471
    0.0030
    0.0336
   -0.0003
    0.0096
    0.0110
   -0.0031
    0.0184
   -0.0031
    0.0203
    0.0046
    0.0177
    0.0127
    0.0132
    0.0184
    0.0097
    0.0178
    0.0088
    0.0133
    0.0074
    0.0069
    0.0058
   -0.0014
    0.0046
   -0.0093
   -0.0132
    0.0349
    0.0340
   -0.0234
   -0.0192
    0.0212
   -0.0090
   -0.0020
   -0.0022
   -0.0033
   -0.0037
   -0.0034
   -0.0038
   -0.0037
   -0.0031
   -0.0035
   -0.0022
   -0.0024
   -0.0013
   -0.0000


ans =

         0
    0.0004
    0.0008
    0.0012
    0.0017
    0.0021
    0.0025
    0.0029
    0.0033
    0.0037
    0.0041
    0.0045
    0.0050
    0.0054
    0.0058
    0.0062
    0.0066
    0.0070
    0.0074
    0.0078
    0.0083
    0.0087
    0.0091
    0.0095
    0.0099
    0.0103
    0.0107
    0.0111
    0.0116
    0.0120
    0.0124
    0.0128
    0.0132
    0.0136
    0.0140
    0.0144
    0.0149
    0.0153
    0.0157
    0.0161
    0.0165
    0.0169
    0.0173
    0.0177
    0.0182
    0.0186
    0.0190
    0.0194
    0.0198
    0.0202
    0.0206
    0.0210
    0.0215
    0.0219
    0.0223
    0.0227
    0.0231
    0.0235
    0.0239
    0.0243
    0.0248
    0.0252
    0.0256
    0.0260
    0.0264
    0.0268
    0.0272
    0.0277
    0.0281
    0.0285
    0.0289
    0.0293
    0.0297
    0.0301
    0.0305
    0.0310
    0.0314
    0.0318
    0.0322
    0.0326
    0.0330
    0.0334
    0.0338
    0.0343
    0.0347
    0.0351
    0.0355
    0.0359
    0.0363
    0.0367
    0.0371
    0.0376
    0.0380
    0.0384
    0.0388
    0.0392
    0.0396
    0.0400
    0.0404
    0.0409
    0.0413
    0.0417
    0.0421
    0.0425
    0.0429
    0.0433
    0.0437
    0.0442
    0.0446
    0.0450
    0.0454
    0.0458
    0.0462
    0.0466
    0.0470
    0.0475
    0.0479
    0.0483
    0.0487
    0.0491
    0.0495
    0.0499
    0.0503
    0.0508
    0.0512
    0.0516
    0.0520